//X Y Z
527724.45599365 5082490.99798584 488.28601074
527724.18560791 5082491.03359985 490.38333130
527723.91516113 5082491.06918335 492.48065186
527723.64477539 5082491.10479736 494.57797241
527723.37432861 5082491.14041138 496.67529297
527723.10394287 5082491.17608643 498.77261353
527722.95245361 5082491.50964355 500.85562134
527722.80096436 5082491.84320068 502.93862915
527722.64941406 5082492.17672729 505.02163696
527722.49792480 5082492.51028442 507.10464478
527721.96917725 5082492.53039551 509.10119629
527721.12579346 5082492.28903198 511.02566528
527719.97344971 5082492.21893311 512.72723389
527718.38708496 5082492.38949585 514.11553955
527716.80072021 5082492.56005859 515.50390625
527715.77410889 5082492.75839233 517.16845703
527715.62091064 5082493.00009155 519.26397705
527715.46765137 5082493.24179077 521.35949707
527715.31439209 5082493.48348999 523.45507813
527714.55096436 5082492.88928223 524.87609863
527714.53350830 5082491.70486450 526.36474609
527714.99084473 5082490.60504150 528.11242676
527715.44812012 5082489.50521851 529.86010742
527715.90545654 5082488.40539551 531.60778809
527716.36273193 5082487.30557251 533.35546875
527716.82006836 5082486.20574951 535.10314941
527717.27734375 5082485.10592651 536.85089111
527717.11309814 5082484.43341064 538.67785645
527716.24005127 5082484.24810791 540.59533691
527715.36700439 5082484.06280518 542.51275635
527713.67614746 5082483.90164185 543.71203613
527711.88189697 5082483.74353027 544.82055664
527710.08758545 5082483.58541870 545.92901611
527708.29333496 5082483.42730713 547.03747559
527706.25811768 5082483.37838745 547.41406250
527704.14855957 5082483.36315918 547.56457520
527702.03900146 5082483.34796143 547.71514893
527699.92944336 5082483.33273315 547.86566162
527697.82354736 5082483.38180542 547.91809082
527695.72637939 5082483.58526611 547.73480225
527693.65563965 5082483.73385620 547.38195801
527691.69738770 5082483.97204590 546.79260254
527690.33557129 5082485.35449219 545.95159912
527688.97369385 5082486.73693848 545.11059570
527687.61181641 5082488.11941528 544.26959229
527686.24993896 5082489.50186157 543.42858887
527684.94964600 5082490.56826782 542.31134033
527683.78515625 5082490.93768311 540.58489990
527682.62066650 5082491.30712891 538.85845947
527681.58081055 5082491.71536255 537.07031250
527680.70666504 5082492.17517090 535.20013428
527680.12805176 5082492.45272827 533.24200439
527680.07263184 5082492.40768433 531.12823486
527680.01727295 5082492.36264038 529.01446533
527679.96191406 5082492.31759644 526.90069580
527679.90655518 5082492.27255249 524.78692627
527679.70971680 5082491.69885254 522.83483887
527679.42767334 5082491.48004150 520.75024414
527679.14562988 5082491.26123047 518.66558838
527678.25347900 5082492.16415405 517.06091309
527677.26721191 5082493.24008179 515.53033447
527676.68927002 5082492.74093628 513.92456055
527676.31304932 5082491.46319580 512.28173828
527675.93688965 5082490.18542480 510.63885498
527675.46038818 5082488.88476563 509.05484009
527674.66156006 5082487.51043701 507.65975952
527673.63720703 5082487.76458740 505.97750854
527672.57000732 5082488.32818604 504.24066162
527671.50280762 5082488.89178467 502.50384521
527670.43560791 5082489.45535278 500.76699829
527669.36840820 5082490.01895142 499.03018188
527668.30120850 5082490.58255005 497.29333496
527667.23400879 5082491.14614868 495.55651855
527667.55432129 5082491.45437622 494.47937012
527669.65667725 5082491.43460083 494.24951172
527671.75903320 5082491.41485596 494.01962280
527673.86138916 5082491.39511108 493.78976440
527675.96374512 5082491.37533569 493.55990601
527678.06610107 5082491.35559082 493.33004761
527680.16845703 5082491.33584595 493.10015869
527682.27081299 5082491.31607056 492.87030029
527684.37316895 5082491.29632568 492.64044189
527686.47552490 5082491.27658081 492.41058350
527688.57788086 5082491.25680542 492.18072510
527690.68023682 5082491.23706055 491.95083618
527692.78259277 5082491.21731567 491.72097778
527694.88494873 5082491.19754028 491.49111938
527696.98730469 5082491.17779541 491.26126099
527699.08966064 5082491.15805054 491.03140259
527701.19201660 5082491.13830566 490.80151367
527703.29437256 5082491.11853027 490.57165527
527705.39672852 5082491.09878540 490.34179688
527707.49908447 5082491.07904053 490.11193848
527709.60144043 5082491.05926514 489.88208008
527711.70385742 5082491.03952026 489.65219116
527713.80621338 5082491.01977539 489.42233276
527715.90856934 5082491.00000000 489.19247437
527718.01092529 5082490.98025513 488.96261597
527720.11328125 5082490.96051025 488.73272705
527722.21563721 5082490.94073486 488.50286865
