//X Y Z
527656.44396973 5082432.79400635 442.30801392
527656.61895752 5082432.71459961 442.24481201
527656.79394531 5082432.63516235 442.18161011
527656.96899414 5082432.55575562 442.11840820
527657.14398193 5082432.47631836 442.05517578
527657.31896973 5082432.39691162 441.99197388
527657.49395752 5082432.31747437 441.92877197
527657.66894531 5082432.23806763 441.86557007
527657.84393311 5082432.15863037 441.80236816
527658.01898193 5082432.07922363 441.73916626
527658.19396973 5082431.99978638 441.67593384
527658.36895752 5082431.92037964 441.61273193
527658.54394531 5082431.84094238 441.54953003
527658.71893311 5082431.76153564 441.48632813
527658.89392090 5082431.68209839 441.42312622
527659.06896973 5082431.60269165 441.35992432
527659.24395752 5082431.52325439 441.29672241
527659.41894531 5082431.44384766 441.23348999
527659.59393311 5082431.36441040 441.17028809
527659.76892090 5082431.28500366 441.10708618
527659.94396973 5082431.20556641 441.04388428
527660.11895752 5082431.12615967 440.98068237
527660.29394531 5082431.04672241 440.91748047
527660.46893311 5082430.96731567 440.85427856
527660.64392090 5082430.88790894 440.79104614
527660.81890869 5082430.80847168 440.72784424
527660.99395752 5082430.72906494 440.66464233
527661.16894531 5082430.64962769 440.60144043
527661.34393311 5082430.57022095 440.53823853
527661.51892090 5082430.49078369 440.47503662
527661.69390869 5082430.41137695 440.41180420
527661.86889648 5082430.33193970 440.34860229
527662.04394531 5082430.25253296 440.28540039
527662.21893311 5082430.17309570 440.22219849
527662.39392090 5082430.09368896 440.15899658
527662.56890869 5082430.01425171 440.09579468
527662.74389648 5082429.93484497 440.03259277
527662.91894531 5082429.85540771 439.96936035
527663.09393311 5082429.77600098 439.90615845
527663.26892090 5082429.69656372 439.84295654
527663.44390869 5082429.61715698 439.77975464
527663.61889648 5082429.53771973 439.71655273
527663.79388428 5082429.45831299 439.65335083
527663.96893311 5082429.37887573 439.59014893
527664.14392090 5082429.29946899 439.52691650
527664.31890869 5082429.22003174 439.46371460
527664.49389648 5082429.14062500 439.40051270
527664.66888428 5082429.06118774 439.33731079
527664.84387207 5082428.98178101 439.27410889
527665.01892090 5082428.90237427 439.21090698
527665.19390869 5082428.82293701 439.14767456
527665.36285400 5082428.72418213 439.09786987
527665.53033447 5082428.62060547 439.05142212
527665.69775391 5082428.51702881 439.00494385
527665.86517334 5082428.41342163 438.95849609
527666.03265381 5082428.30984497 438.91204834
527666.20007324 5082428.20623779 438.86557007
527666.36755371 5082428.10266113 438.81912231
527666.53497314 5082427.99905396 438.77267456
527666.70245361 5082427.89547729 438.72619629
527666.86987305 5082427.79187012 438.67974854
527667.03729248 5082427.68829346 438.63330078
527667.20477295 5082427.58471680 438.58682251
527667.37219238 5082427.48110962 438.54037476
527667.53967285 5082427.37753296 438.49389648
527667.70709229 5082427.27392578 438.44744873
527667.87451172 5082427.17034912 438.40100098
527668.04199219 5082427.06674194 438.35452271
527668.20941162 5082426.96316528 438.30807495
527668.37689209 5082426.85955811 438.26162720
527668.54431152 5082426.75598145 438.21514893
527668.71179199 5082426.65237427 438.16870117
527668.88421631 5082426.56164551 438.11614990
527669.06103516 5082426.48217773 438.05825806
527669.23779297 5082426.40270996 438.00036621
527669.41461182 5082426.32324219 437.94247437
527669.59143066 5082426.24374390 437.88458252
527669.75976563 5082426.15036011 437.82531738
527669.91723633 5082426.03897095 437.76431274
527670.07476807 5082425.92758179 437.70327759
527670.23223877 5082425.81622314 437.64227295
527670.38970947 5082425.70483398 437.58123779
527670.54718018 5082425.59347534 437.52023315
527670.70465088 5082425.48208618 437.45919800
527670.86212158 5082425.37072754 437.39819336
527671.01959229 5082425.25933838 437.33715820
527671.17706299 5082425.14797974 437.27615356
527671.33459473 5082425.03659058 437.21511841
527671.49206543 5082424.92523193 437.15408325
527671.64953613 5082424.81384277 437.09307861
527671.80700684 5082424.70248413 437.03204346
527671.96447754 5082424.59109497 436.97103882
527672.12194824 5082424.47973633 436.91000366
527672.27941895 5082424.36834717 436.84899902
527672.43695068 5082424.25698853 436.78796387
527672.59442139 5082424.14559937 436.72695923
527672.75189209 5082424.03424072 436.66592407
527672.90936279 5082423.92285156 436.60491943
527673.06683350 5082423.81149292 436.54388428
527673.22430420 5082423.70010376 436.48287964
