//X Y Z
527657.92102051 5082431.42098999 443.64498901
527658.33416748 5082431.03250122 443.77545166
527658.74731445 5082430.64398193 443.90588379
527659.16046143 5082430.25549316 444.03634644
527659.57360840 5082429.86697388 444.16680908
527659.98675537 5082429.47848511 444.29724121
527660.39990234 5082429.08996582 444.42770386
527660.81304932 5082428.70147705 444.55816650
527661.22625732 5082428.31295776 444.68862915
527661.63940430 5082427.92446899 444.81906128
527662.07952881 5082427.55865479 444.84167480
527662.54187012 5082427.21154785 444.77542114
527663.00421143 5082426.86444092 444.70919800
527663.46655273 5082426.51730347 444.64297485
527663.92889404 5082426.17019653 444.57672119
527664.39123535 5082425.82308960 444.51049805
527664.85363770 5082425.47595215 444.44424438
527665.31597900 5082425.12884521 444.37802124
527665.78314209 5082424.79684448 444.30120850
527666.30700684 5082424.64230347 444.10037231
527666.83087158 5082424.48776245 443.89950562
527667.35467529 5082424.33322144 443.69863892
527667.87854004 5082424.17868042 443.49780273
527668.40240479 5082424.02410889 443.29693604
527668.92626953 5082423.86956787 443.09609985
527669.44671631 5082423.71502686 442.88800049
527669.93804932 5082423.56060791 442.61709595
527670.42938232 5082423.40618896 442.34619141
527670.92071533 5082423.25173950 442.07528687
527671.41204834 5082423.09732056 441.80438232
527671.90338135 5082422.94287109 441.53344727
527672.39471436 5082422.82037354 441.25033569
527672.88598633 5082422.75469971 440.94543457
527673.37731934 5082422.68902588 440.64053345
527673.86859131 5082422.62335205 440.33563232
527674.35986328 5082422.55767822 440.03073120
527674.85119629 5082422.49200439 439.72583008
527675.34246826 5082422.42633057 439.42092896
527675.83374023 5082422.36065674 439.11602783
527676.15856934 5082422.34033203 438.80044556
527675.74176025 5082422.52206421 438.43725586
527675.32495117 5082422.70379639 438.07409668
527674.90814209 5082422.88555908 437.71093750
527674.49133301 5082423.06729126 437.34777832
527674.07458496 5082423.24902344 436.98458862
527673.67767334 5082423.42172241 436.61602783
527673.88702393 5082423.31927490 436.08279419
527674.09637451 5082423.21682739 435.54956055
527674.30566406 5082423.11441040 435.01635742
527674.22442627 5082422.97460938 434.46704102
527674.10675049 5082422.83016968 433.91574097
527673.98913574 5082422.68569946 433.36444092
527673.71820068 5082422.64074707 433.01470947
527673.15551758 5082422.78521729 433.04873657
527672.59283447 5082422.92968750 433.08279419
527672.03015137 5082423.07418823 433.11682129
527671.46746826 5082423.21865845 433.15087891
527670.90478516 5082423.36312866 433.18490601
527670.34210205 5082423.50759888 433.21893311
527669.77941895 5082423.65206909 433.25299072
527669.22015381 5082423.80236816 433.29428101
527668.71533203 5082424.04559326 433.45132446
527668.21057129 5082424.28881836 433.60836792
527667.70574951 5082424.53204346 433.76538086
527667.20092773 5082424.77526855 433.92242432
527666.69610596 5082425.01849365 434.07946777
527666.19134521 5082425.26171875 434.23648071
527665.68719482 5082425.50524902 434.39517212
527665.19042969 5082425.75186157 434.57144165
527664.69372559 5082425.99847412 434.74768066
527664.19696045 5082426.24508667 434.92395020
527663.70019531 5082426.49169922 435.10018921
527663.22247314 5082426.80194092 435.21200562
527662.74841309 5082427.12457275 435.31121826
527662.27441406 5082427.44720459 435.41043091
527661.80511475 5082427.73120117 435.54351807
527661.37152100 5082427.72439575 435.93161011
527660.93792725 5082427.71762085 436.31967163
527660.52496338 5082427.77734375 436.69488525
527660.20953369 5082428.15185547 437.00936890
527659.89404297 5082428.52633667 437.32385254
527659.60339355 5082428.90765381 437.63696289
527659.71313477 5082429.39953613 437.92788696
527659.68811035 5082429.89273071 438.15118408
527659.39697266 5082430.38854980 438.24093628
527659.10583496 5082430.88436890 438.33071899
527658.80895996 5082431.37179565 438.42706299
527658.36975098 5082431.65081787 438.68759155
527657.93054199 5082431.92984009 438.94812012
527657.49127197 5082432.20886230 439.20864868
527657.12524414 5082432.44549561 439.53179932
527657.05163574 5082432.51281738 440.10510254
527656.97802734 5082432.58016968 440.67840576
527656.89849854 5082432.65124512 441.24810791
527656.56036377 5082432.88796997 441.65829468
527656.46350098 5082433.24951172 441.91174316
527656.73181152 5082432.96258545 442.34109497
527657.01153564 5082432.63522339 442.72778320
527657.30303955 5082432.26614380 443.07052612
527657.59448242 5082431.89709473 443.41326904
