//X Y Z
527763.43402100 5082527.76098633 520.42401123
527763.81652832 5082527.07513428 522.61724854
527764.19909668 5082526.38922119 524.81048584
527764.63348389 5082525.86865234 527.01696777
527765.18658447 5082525.88305664 529.25219727
527763.49786377 5082525.65881348 530.84118652
527761.87915039 5082525.41656494 532.46057129
527761.68945313 5082524.80725098 534.70104980
527761.49981689 5082524.19787598 536.94152832
527761.31011963 5082523.58856201 539.18200684
527761.60107422 5082523.38800049 541.48413086
527761.89489746 5082523.18981934 543.78662109
527760.75347900 5082523.37261963 545.67498779
527759.29516602 5082523.63952637 547.47198486
527757.41180420 5082524.06744385 548.70947266
527755.39312744 5082524.54663086 549.76885986
527753.37445068 5082525.02581787 550.82818604
527751.35571289 5082525.50500488 551.88751221
527749.33703613 5082525.98419189 552.94683838
527747.31829834 5082526.46337891 554.00616455
527745.29962158 5082526.94250488 555.06549072
527743.28088379 5082527.42169189 556.12487793
527741.09210205 5082527.74902344 556.81353760
527738.85418701 5082528.03259277 557.39538574
527736.61633301 5082528.31610107 557.97717285
527734.37847900 5082528.59967041 558.55902100
527732.14056396 5082528.88317871 559.14080811
527729.90270996 5082529.16668701 559.72265625
527727.66485596 5082529.45025635 560.30444336
527725.42700195 5082529.73376465 560.88623047
527723.18908691 5082530.01727295 561.46807861
527720.95123291 5082530.30084229 562.04986572
527718.71337891 5082530.58435059 562.63171387
527716.59155273 5082531.27551270 562.65917969
527714.57611084 5082532.34045410 562.17840576
527712.56072998 5082533.40533447 561.69769287
527710.54534912 5082534.47021484 561.21691895
527708.52990723 5082535.53515625 560.73620605
527706.51452637 5082536.60003662 560.25549316
527704.59545898 5082537.23669434 559.10693359
527702.67944336 5082537.86010742 557.93768311
527700.76336670 5082538.48352051 556.76849365
527698.84729004 5082539.10693359 555.59924316
527696.93127441 5082539.73034668 554.43005371
527695.01519775 5082540.35375977 553.26080322
527694.07220459 5082540.05346680 551.21911621
527693.23516846 5082539.65264893 549.08239746
527692.39807129 5082539.25177002 546.94561768
527691.77972412 5082540.09063721 544.87988281
527691.17150879 5082540.98693848 542.81744385
527690.58563232 5082541.87280273 540.75561523
527691.74755859 5082541.93572998 538.73742676
527692.90948486 5082541.99859619 536.71929932
527693.69494629 5082541.49645996 534.91955566
527693.59082031 5082540.47119141 533.48889160
527693.70172119 5082541.78540039 531.56860352
527693.13934326 5082542.18090820 529.70849609
527691.80352783 5082541.52111816 527.91760254
527690.46771240 5082540.86132813 526.12670898
527689.18646240 5082540.42712402 524.26440430
527688.02404785 5082540.48468018 522.24639893
527688.08642578 5082541.27978516 520.14990234
527687.99853516 5082541.57153320 517.90270996
527687.47070313 5082541.18682861 515.66656494
527686.94287109 5082540.80212402 513.43041992
527686.13378906 5082540.04125977 511.40686035
527686.54498291 5082539.32104492 510.44021606
527688.79315186 5082538.85101318 510.82977295
527691.04132080 5082538.38104248 511.21932983
527693.28948975 5082537.91101074 511.60888672
527695.53765869 5082537.44097900 511.99844360
527697.78582764 5082536.97094727 512.38800049
527700.03399658 5082536.50091553 512.77752686
527702.28222656 5082536.03088379 513.16711426
527704.53039551 5082535.56085205 513.55664063
527706.77856445 5082535.09082031 513.94616699
527709.02673340 5082534.62078857 514.33575439
527711.27490234 5082534.15075684 514.72528076
527713.52307129 5082533.68072510 515.11486816
527715.77124023 5082533.21069336 515.50439453
527718.01940918 5082532.74066162 515.89398193
527720.26757813 5082532.27062988 516.28350830
527722.51580811 5082531.80059814 516.67303467
527724.76397705 5082531.33056641 517.06262207
527727.01214600 5082530.86053467 517.45214844
527729.26031494 5082530.39050293 517.84173584
527731.50848389 5082529.92047119 518.23126221
527733.75665283 5082529.45043945 518.62078857
527736.00482178 5082528.98040771 519.01037598
527738.25305176 5082528.51037598 519.39990234
527740.50122070 5082528.04034424 519.78948975
527742.74938965 5082527.57031250 520.17901611
527744.99755859 5082527.10028076 520.56860352
527747.24572754 5082526.63024902 520.95812988
527749.49389648 5082526.16021729 521.34765625
527751.74206543 5082525.69018555 521.73724365
527753.99023438 5082525.22015381 522.12677002
527756.23840332 5082524.75012207 522.51635742
527758.48663330 5082524.28009033 522.90588379
527760.73480225 5082523.81005859 523.29547119
