//X Y Z
527800.55401611 5082559.31701660 529.13397217
527800.26293945 5082559.98968506 532.10687256
527799.97186279 5082560.66235352 535.07971191
527799.68072510 5082561.33502197 538.05261230
527799.38964844 5082562.00769043 541.02545166
527799.09857178 5082562.68035889 543.99835205
527798.78558350 5082563.36383057 546.96636963
527798.45037842 5082564.05828857 549.92956543
527798.11517334 5082564.75274658 552.89276123
527797.77996826 5082565.44726563 555.85595703
527797.44476318 5082566.14172363 558.81915283
527797.10955811 5082566.83618164 561.78234863
527796.20709229 5082567.76745605 564.37347412
527794.22814941 5082569.14807129 566.25830078
527792.24920654 5082570.52868652 568.14318848
527790.27020264 5082571.90930176 570.02801514
527788.22906494 5082573.24346924 571.84979248
527785.50360107 5082574.06616211 572.97680664
527782.77813721 5082574.88885498 574.10382080
527780.05267334 5082575.71148682 575.23083496
527777.32714844 5082576.53417969 576.35784912
527774.60168457 5082577.35687256 577.48486328
527771.69885254 5082578.12713623 578.01214600
527768.76116943 5082578.88708496 578.42156982
527765.82348633 5082579.64703369 578.83093262
527762.88580322 5082580.40692139 579.24035645
527759.94812012 5082581.16687012 579.64978027
527757.01037598 5082581.92681885 580.05914307
527754.02661133 5082582.40173340 580.26226807
527750.96765137 5082582.41156006 580.12878418
527747.90869141 5082582.42138672 579.99523926
527744.84973145 5082582.43121338 579.86175537
527741.79077148 5082582.44110107 579.72827148
527738.73181152 5082582.45092773 579.59472656
527735.69451904 5082582.37963867 579.35321045
527732.75726318 5082581.93353271 578.61254883
527729.82000732 5082581.48742676 577.87182617
527726.99774170 5082581.20397949 576.73632813
527724.19921875 5082580.95410156 575.51928711
527721.40075684 5082580.70428467 574.30224609
527718.60223389 5082580.45440674 573.08520508
527715.74359131 5082580.58007813 572.00640869
527712.87628174 5082580.75976563 570.94744873
527710.00891113 5082580.93951416 569.88854980
527707.22778320 5082581.25744629 568.69958496
527704.69555664 5082581.97467041 567.13476563
527702.16333008 5082582.69189453 565.57000732
527699.67572021 5082583.45153809 563.96655273
527697.51519775 5082584.52264404 562.07971191
527695.35467529 5082585.59368896 560.19287109
527693.19415283 5082586.66479492 558.30609131
527691.03363037 5082587.73583984 556.41925049
527688.31567383 5082588.16290283 555.17187500
527685.47503662 5082588.44818115 554.06518555
527683.45001221 5082588.38128662 552.46697998
527683.57373047 5082587.38641357 549.57391357
527684.53088379 5082586.83404541 546.97973633
527686.69958496 5082586.92492676 544.82019043
527688.86822510 5082587.01580811 542.66058350
527691.03686523 5082587.10668945 540.50097656
527689.07006836 5082585.84381104 538.59197998
527687.04504395 5082584.56188965 536.68652344
527689.75567627 5082583.68292236 536.57037354
527692.69427490 5082582.82336426 536.54040527
527695.63293457 5082581.96380615 536.51043701
527698.57153320 5082581.10424805 536.48046875
527701.51013184 5082580.24468994 536.45043945
527704.44873047 5082579.38519287 536.42047119
527707.38739014 5082578.52563477 536.39050293
527710.32598877 5082577.66607666 536.36053467
527713.26458740 5082576.80651855 536.33050537
527716.20318604 5082575.94696045 536.30053711
527719.14184570 5082575.08740234 536.27056885
527722.08044434 5082574.22784424 536.24060059
527725.01904297 5082573.36828613 536.21057129
527727.95764160 5082572.50878906 536.18060303
527730.89624023 5082571.64923096 536.15063477
527733.83489990 5082570.78967285 536.12066650
527736.77349854 5082569.93011475 536.09063721
527739.71209717 5082569.07055664 536.06066895
527742.65069580 5082568.21099854 536.03070068
527745.58935547 5082567.35144043 536.00073242
527748.52795410 5082566.49194336 535.97070313
527751.46655273 5082565.63238525 535.94073486
527754.40515137 5082564.77282715 535.91076660
527757.34375000 5082563.91326904 535.88079834
527760.28240967 5082563.05371094 535.85076904
527763.22100830 5082562.19415283 535.82080078
527766.15960693 5082561.33459473 535.79083252
527769.09820557 5082560.47509766 535.76086426
527772.03686523 5082559.61553955 535.73083496
527774.97546387 5082558.75598145 535.70086670
527777.91406250 5082557.89642334 535.67089844
527780.85266113 5082557.03686523 535.64093018
527783.79125977 5082556.17730713 535.61090088
527786.72991943 5082555.31774902 535.58093262
527789.66851807 5082554.45825195 535.55096436
527792.60711670 5082553.59869385 535.52099609
527795.54577637 5082552.73913574 535.49096680
527798.48437500 5082551.87957764 535.46099854
