//X Y Z
527662.86102295 5082457.66500854 431.77899170
527664.04278564 5082457.66567993 434.41476440
527665.22448730 5082457.66638184 437.05053711
527666.29541016 5082457.68344116 439.71066284
527666.35095215 5082457.85079956 442.59384155
527666.40643311 5082458.01812744 445.47702026
527667.16571045 5082457.79043579 448.24383545
527667.98864746 5082457.52700806 451.00015259
527668.81158447 5082457.26361084 453.75646973
527669.37005615 5082456.93386841 456.56469727
527669.80120850 5082456.57220459 459.39791870
527669.50769043 5082456.45614624 462.22293091
527669.06542969 5082456.37738037 465.05752563
527669.13745117 5082456.08636475 467.93048096
527669.20941162 5082455.79534912 470.80343628
527669.28143311 5082455.50433350 473.67642212
527669.35339355 5082455.21331787 476.54937744
527669.42541504 5082454.92227173 479.42236328
527669.13903809 5082454.72720337 482.24493408
527668.19610596 5082454.70788574 484.97518921
527667.25311279 5082454.68856812 487.70544434
527666.31018066 5082454.66928101 490.43566895
527665.36718750 5082454.64996338 493.16592407
527664.57971191 5082454.68356323 495.94192505
527663.88000488 5082454.74703979 498.74374390
527663.18029785 5082454.81051636 501.54559326
527662.48059082 5082454.87399292 504.34741211
527661.78088379 5082454.93746948 507.14923096
527661.98529053 5082455.86386108 509.85537720
527662.23486328 5082456.78570557 512.56085205
527662.00305176 5082456.29956055 515.39874268
527661.77130127 5082455.81338501 518.23663330
527661.53948975 5082455.32720947 521.07452393
527662.03222656 5082454.66528320 523.47326660
527664.37237549 5082453.55523682 524.75213623
527666.71246338 5082452.44522095 526.03100586
527669.05255127 5082451.33520508 527.30987549
527670.89123535 5082450.28085327 529.19451904
527672.48803711 5082449.25338745 531.37127686
527674.08483887 5082448.22589111 533.54803467
527675.68164063 5082447.19842529 535.72479248
527677.83801270 5082446.83148193 537.10516357
527680.66320801 5082447.25402832 537.53369141
527683.48840332 5082447.67654419 537.96215820
527685.33276367 5082447.77960205 537.58789063
527684.42651367 5082446.98681641 534.96221924
527684.61230469 5082446.50421143 533.10571289
527687.48687744 5082446.78533936 533.14276123
527689.87103271 5082447.05267334 532.71972656
527689.64349365 5082447.24664307 529.84667969
527689.41595459 5082447.44061279 526.97363281
527689.18841553 5082447.63458252 524.10058594
527688.96087646 5082447.82858276 521.22753906
527689.23791504 5082447.34197998 518.40399170
527689.55548096 5082446.80075073 515.58441162
527689.87304688 5082446.25952148 512.76483154
527690.00872803 5082446.22448730 509.89193726
527690.10034180 5082446.31207275 507.00613403
527690.11413574 5082446.52767944 504.13375854
527689.96789551 5082447.00683594 501.28897095
527689.82165527 5082447.48602295 498.44418335
527689.91815186 5082448.05871582 495.63452148
527690.41040039 5082448.78393555 492.88214111
527690.90264893 5082449.50915527 490.12976074
527691.55706787 5082449.63348389 487.52548218
527692.65423584 5082448.11651611 485.32577515
527695.12145996 5082448.06921387 483.92532349
527697.25671387 5082448.36422729 482.27917480
527698.12042236 5082449.42031860 479.73309326
527698.75921631 5082448.98419189 477.06430054
527699.27050781 5082449.99975586 474.93447876
527700.57623291 5082451.09176636 472.73489380
527702.10876465 5082451.87030029 470.41348267
527701.79357910 5082451.96142578 467.78839111
527700.85369873 5082451.82019043 465.06066895
527700.35876465 5082451.50592041 462.24264526
527699.97479248 5082451.14849854 459.40209961
527699.21899414 5082450.57785034 456.72662354
527698.55645752 5082449.75674438 454.27618408
527699.92071533 5082449.07446289 451.82318115
527701.28491211 5082448.39221191 449.37014771
527702.64910889 5082447.70996094 446.91714478
527700.53985596 5082447.48315430 445.74670410
527697.81329346 5082447.33728027 444.80416870
527695.83715820 5082447.07788086 443.36273193
527695.94738770 5082446.50274658 440.53411865
527696.05761719 5082445.92761230 437.70553589
527696.16784668 5082445.35247803 434.87695313
527695.45904541 5082445.24407959 432.85165405
527692.75982666 5082446.26998901 432.77853394
527690.06054688 5082447.29589844 432.70538330
527687.36126709 5082448.32180786 432.63223267
527684.66204834 5082449.34771729 432.55911255
527681.96276855 5082450.37362671 432.48596191
527679.26354980 5082451.39953613 432.41284180
527676.56427002 5082452.42544556 432.33969116
527673.86499023 5082453.45135498 432.26654053
527671.16577148 5082454.47726440 432.19342041
527668.46649170 5082455.50317383 432.12026978
527665.76727295 5082456.52908325 432.04714966
